0.63590407371521
0.5728841423988342
0.5663143396377563
0.5625694990158081
0.5593968033790588
0.5575833916664124
0.5557234287261963
0.5542601943016052
0.5536080598831177
0.5530715584754944
0.5525133013725281
0.5522210001945496
0.5521708726882935
0.5522472858428955
0.5521595478057861
0.5514417886734009
0.5511466860771179
0.5508828163146973
0.5505086183547974
0.5505630970001221
0.550683319568634
0.5501031279563904
0.5503600239753723
0.5499951243400574
0.5496437549591064
0.5495933890342712
0.549081563949585
0.5489987730979919
0.5486546158790588
0.5490310788154602
0.549138605594635
0.5485332012176514
0.5480926036834717
0.547806978225708
0.547527551651001
0.5474812984466553
0.5480183362960815
0.54952472448349
0.5488245487213135
0.547899067401886
0.5473363399505615
0.5470627546310425
0.5470505356788635
0.5465104579925537
0.5462990999221802
0.5462130904197693
0.5461547374725342
0.5459773540496826
0.5457526445388794
0.5455951690673828
0.5454238057136536
0.5454161763191223
0.5452669858932495
0.545093297958374
0.5448439121246338
0.5447232127189636
0.5450471043586731
0.5449210405349731
0.54494309425354
0.544860303401947
0.5443770885467529
0.5441132187843323
0.5439595580101013
0.5438064932823181
0.5436736345291138
0.5434821248054504
0.5433767437934875
0.5429794788360596
0.5427191853523254
0.5425588488578796
0.5424551367759705
0.5421698093414307
0.5419861078262329
0.5420072078704834
0.5416930913925171
0.5415971875190735
0.5415638089179993
0.5412662029266357
0.5412338972091675
0.5411292910575867
0.5411279201507568
0.5416657328605652
0.5410978198051453
0.5407304763793945
0.5404443144798279
0.5406981706619263
0.5401611328125
0.5399506688117981
0.540140688419342
0.5400111079216003
0.5397987365722656
0.5395679473876953
0.5395536422729492
0.5393919944763184
0.5392304062843323
0.5391061305999756
0.5390169024467468
0.539006233215332
0.5390132665634155
0.5389871597290039
0.5388131737709045
0.5387736558914185
0.5387987494468689
0.5386016368865967
0.5385639667510986
0.5384876132011414
0.538359522819519
0.5382833480834961
0.5382243394851685
0.538353681564331
0.539226770401001
0.5392312407493591
0.5384868383407593
0.5384008884429932
0.5380926728248596
0.5379195809364319
0.5378604531288147
0.5378495454788208
0.5377480983734131
0.5377122163772583
0.5376806259155273
0.5376932621002197
0.5376536846160889
0.5376657843589783
0.5376371741294861
0.5374056100845337
0.5373766422271729
0.5373312830924988
0.5372577905654907
0.5371823310852051
0.5372189283370972
0.5371984243392944
0.5370274782180786
0.5369905233383179
0.5369392037391663
0.5369158983230591
0.5368639230728149
0.5368486046791077
0.5368635654449463
0.5367876291275024
0.5368457436561584
0.5367734432220459
0.5365945100784302
0.5365617275238037
0.5364953279495239
0.5364591479301453
0.5365065932273865
0.5366237163543701
0.5364506244659424
0.5362728238105774
0.5364846587181091
0.5362682938575745
0.5363551378250122
0.5364634990692139
0.5362157821655273
0.5360962152481079
0.5361194610595703
0.5360082387924194
0.536771833896637
0.5369722843170166
0.5375369191169739
0.5366278290748596
0.5364105701446533
0.5360433459281921
0.535804033279419
0.5357769727706909
0.5357043743133545
0.5356535911560059
0.5356336236000061
0.5356189012527466
0.5355212092399597
0.5354858040809631
0.5354135036468506
0.5353848934173584
0.5356654524803162
0.5357086658477783
0.5353999733924866
0.5353972911834717
0.535355269908905
0.5354292988777161
0.5352968573570251
0.5351502299308777
0.5351162552833557
0.5351636409759521
0.5350971221923828
0.5351372957229614
0.535315752029419
0.5352268815040588
0.535222589969635
0.5351014733314514
0.5349857807159424
0.534966766834259
0.5350896120071411
0.535228967666626
0.5353974103927612
0.5351447463035583
0.5355280637741089
0.5355092883110046
0.5351705551147461
0.5349735021591187
0.5348049402236938
0.5348088145256042
0.5348504781723022
0.5348598957061768
0.5347057580947876
0.5346360206604004
0.5346392393112183
0.5346572399139404
0.5346395969390869
0.5345731973648071
0.5345585346221924
0.5346596240997314
0.5345669984817505
0.5345630645751953
0.5348838567733765
0.534796953201294
0.5345239639282227
0.5344856977462769
0.5344132781028748
0.5344504117965698
0.535362720489502
0.5352954864501953
0.5349209308624268
0.534650444984436
0.5346909165382385
0.534629225730896
0.5345284938812256
0.5344860553741455
0.5345590114593506
0.5345968008041382
0.5344120264053345
0.5344417095184326
0.5342951416969299
0.5342506766319275
0.5343629121780396
0.5345427989959717
0.5342901349067688
0.5341721177101135
0.5340771079063416
0.5341449975967407
0.5341126918792725
0.5340501070022583
0.5341655611991882
0.5344034433364868
0.5341195464134216
0.5340457558631897
0.5339820981025696
0.5340216159820557
0.5340741872787476
0.5339947938919067
0.5339518785476685
0.5339378714561462
0.5339231491088867
0.533959150314331
0.533875048160553
0.533806324005127
0.5337775349617004
0.5339720845222473
0.5339497923851013
0.5338029265403748
0.5338050127029419
0.5338702201843262
0.5339526534080505
0.5337696671485901
0.5338000059127808
0.5339927673339844
0.5338847041130066
0.5337822437286377
0.5337113738059998
0.5336377024650574
0.5336766242980957
0.5336679816246033
0.5336471199989319
0.5336606502532959
0.5337097644805908
0.5339714288711548
0.5343784689903259
0.5343458652496338
0.5339872241020203
0.5339068174362183
0.5336780548095703
0.5336283445358276
0.5335349440574646
0.5335354804992676
0.5334962010383606
0.5335135459899902
0.5334457755088806
0.5334659814834595
0.5335620641708374
0.5339480638504028
0.5338262319564819
0.5337066650390625
0.5336299538612366
0.5335461497306824
0.5334758758544922
0.533447802066803
0.5333499908447266
0.5333649516105652
0.5333145260810852
0.5333107113838196
0.5333095192909241
0.5334843993186951
0.5333693027496338
0.5333729386329651
0.5332602858543396
0.5332251787185669
0.5332991480827332
0.5333353877067566
0.5332751274108887
0.5332562923431396
0.5333744883537292
0.5335931181907654
0.533416748046875
0.5334011316299438
0.5333045125007629
0.5334004163742065
0.5333576202392578
0.53337162733078
0.5334187746047974
0.5332467555999756
0.5331937670707703
0.5332713723182678
0.5331428050994873
0.5331231355667114
0.5331161022186279
0.5331965684890747
0.533480167388916
0.533301055431366
0.5332822799682617
0.533141553401947
0.5331023931503296
0.5331247448921204
0.5332891941070557
0.5332467555999756
0.5329647660255432
0.5329439043998718
0.5330164432525635
0.5333049297332764
0.53324294090271
0.5331134796142578
0.5330648422241211
0.532985508441925
0.5332930684089661
0.5330352783203125
0.532980740070343
0.5329458713531494
0.5330643057823181
0.5331993103027344
0.5331811904907227
0.5331018567085266
0.533051609992981
0.5330109596252441
0.5331758856773376
0.532948911190033
0.5329612493515015
0.5330020189285278
0.5331853032112122
0.5329818725585938
0.5330893993377686
0.532830536365509
0.532913088798523
0.5329933762550354
0.5329106450080872
0.5328351259231567
0.5327650904655457
0.5328068137168884
0.5327515602111816
0.5328009128570557
0.5327728390693665
0.5332562923431396
0.5330284833908081
0.5328445434570312
0.5327903032302856
0.5327360033988953
0.5327063798904419
0.5326939225196838
0.532672107219696
0.5326971411705017
0.5327092409133911
0.5326516628265381
0.532640814781189
0.5326175093650818
0.532651960849762
0.5326067805290222
0.5326312184333801
0.5325949192047119
0.5325937867164612
0.5331392884254456
0.5329015254974365
0.5327814221382141
0.5326483845710754
0.5327414274215698
0.5328819155693054
0.5328024625778198
0.5326640605926514
0.5326601266860962
0.533111572265625
0.5330603718757629
0.5328051447868347
0.5326228737831116
0.5326386094093323
0.5326350331306458
0.5324849486351013
0.5324571132659912
0.5324777364730835
0.5324594974517822
0.5325157642364502
0.5324251651763916
0.5323799252510071
0.5324176549911499
0.5324591994285583
0.5324575304985046
0.5324051976203918
0.5323741436004639
0.5324118733406067
0.5324262976646423
0.5324852466583252
0.5324651002883911
0.5325772762298584
0.5324146747589111
0.5326163172721863
0.5324161648750305
0.5323688983917236
0.5323458909988403
0.5325501561164856
0.5325679779052734
0.5327144265174866
0.5325000286102295
0.5324382781982422
0.5323930978775024
0.532280683517456
0.5322596430778503
0.5322802662849426
0.5322611927986145
0.532329797744751
0.532291054725647
0.5322975516319275
0.5324047803878784
0.5324759483337402
0.5325221419334412
0.532745361328125
0.5329898595809937
0.5327848196029663
0.532545804977417
0.5324325561523438
0.532338559627533
0.5322411060333252
0.5322168469429016
0.5321928262710571
0.5322274565696716
0.5321544408798218
0.532187819480896
0.5322504043579102
0.5321723222732544
0.5321675539016724
0.5322260856628418
0.5327916145324707
0.5323302745819092
0.532328724861145
0.5322253108024597
0.5322242379188538
0.532220184803009
0.5321735739707947
0.5322161912918091
0.5322232842445374
0.5322383046150208
0.5321972966194153
0.532370388507843
0.5323789715766907
0.5324533581733704
0.5322041511535645
0.5321188569068909
0.5322515368461609
0.5322160124778748
0.5322892069816589
0.5322967171669006
0.532372236251831
0.5323564410209656
0.5324605107307434
0.5323473215103149
0.5322506427764893
0.5321157574653625
0.5321479439735413
0.5322186946868896
0.5321298837661743
0.5321686863899231
0.5323982238769531
0.5325848460197449
0.5326273441314697
0.5322861075401306
0.5321748852729797
0.5320956110954285
0.5320547223091125
0.5320813655853271
0.5321596264839172
0.5320918560028076
0.5320045948028564
0.5319889187812805
0.5319350957870483
0.5319370627403259
0.5319244861602783
0.5319111943244934
0.531882107257843
0.531886100769043
0.531888484954834
0.5319145321846008
0.5319017767906189
0.5319674015045166
0.5322932600975037
0.5322480797767639
0.5320602655410767
0.5319051742553711
0.5318901538848877
0.531914472579956
0.5318613052368164
0.5318542122840881
0.5319322943687439
0.5319274067878723
0.5321766138076782
0.5320013165473938
0.5319068431854248
0.5321187973022461
0.5322701930999756
0.5319387316703796
0.5318512916564941
0.5319691300392151
0.5319079756736755
0.5319730043411255
0.5319967269897461
0.531865656375885
0.5317813754081726
0.5317949056625366
0.531760573387146
0.5319922566413879
0.5321159362792969
0.5318471193313599
0.5318145155906677
0.5319157838821411
0.5317777991294861
0.5318201780319214
0.5318148732185364
0.5319598317146301
0.5317932963371277
0.531718373298645
0.5317752957344055
0.5317542552947998
0.5318302512168884
0.5318081974983215
0.5317696928977966
0.5319465398788452
0.5318315625190735
0.5318682193756104
0.5319610834121704
0.531865119934082
0.5324075818061829
0.5325372219085693
0.5319108366966248
0.5318642258644104
0.5317566990852356
0.5317199230194092
0.5317585468292236
0.5317705273628235
0.5319865345954895
0.5318701267242432
0.5317355990409851
0.5316894054412842
0.5316498279571533
0.5316357016563416
0.5316541194915771
0.5316757559776306
0.5317181348800659
0.5316673517227173
0.5316279530525208
0.5317080616950989
0.5317701697349548
0.5317331552505493
0.5317447185516357
0.5316633582115173
0.5316736698150635
0.5317213535308838
0.5317322015762329
0.5317447781562805
0.5317192077636719
0.5317311882972717
0.5316462516784668
0.5316202640533447
0.5315900444984436
0.531658411026001
0.5315940976142883
0.5316271185874939
0.531626284122467
0.5316336750984192
0.5317253470420837
0.5315709114074707
0.5315626263618469
0.5316040515899658
0.5315964221954346
0.5317427515983582
0.531896710395813
0.5316066741943359
0.5317331552505493
0.5318759083747864
0.532228410243988
0.5318690538406372
0.5316265821456909
0.5315067172050476
0.5315409898757935
0.5315679907798767
0.5315212607383728
0.5315039753913879
0.5317273139953613
0.5317580699920654
0.5316084027290344
0.5315195322036743
0.5315088629722595
0.5314739346504211
0.5315097570419312
0.5315144658088684
0.5314680337905884
0.5315639972686768
0.5314794778823853
0.5315205454826355
0.5314891338348389
0.5314361453056335
0.5314463973045349
0.5315532088279724
0.531553328037262
0.5314485430717468
0.5314247608184814
0.5314242243766785
0.5315032601356506
0.5314509868621826
0.5315799713134766
0.5315215587615967
0.5316860675811768
0.531615138053894
0.5314822793006897
0.5314302444458008
0.5314431190490723
0.531387984752655
0.5317829251289368
0.5317331552505493
0.5316879153251648
0.5314248204231262
0.5313937664031982
0.5314563512802124
0.5315998196601868
0.5315506458282471
0.5314866900444031
0.5315714478492737
0.5315809845924377
0.5316807627677917
0.5315086245536804
0.5315594673156738
0.5318307280540466
0.5316149592399597
0.531522810459137
0.5315136909484863
0.531436562538147
0.5314156413078308
0.5315701961517334
0.5314147472381592
0.5313544869422913
0.5313242077827454
0.5314033627510071
0.531329333782196
0.5313288569450378
0.5317674279212952
0.531719982624054
0.5314520597457886
0.5314585566520691
0.5314052700996399
0.5317131876945496
0.5314658284187317
0.5313711762428284
0.5313892364501953
0.5313283205032349
0.5313003063201904
0.5312992334365845
0.5313050150871277
0.5313196182250977
0.5312620401382446
0.5313740372657776
0.5314382314682007
0.5315314531326294
0.5314409732818604
0.5315868258476257
0.5313049554824829
0.5312327146530151
0.5312202572822571
0.531337320804596
0.5312526226043701
0.5313112735748291
0.5312936305999756
0.5312888026237488
0.5312871336936951
0.5311939716339111
0.5312883257865906
0.5312726497650146
0.5314018726348877
0.5315048098564148
0.531448483467102
0.5314885377883911
0.5314120054244995
0.5314976572990417
0.5315276980400085
0.5313830971717834
0.531354546546936
0.5313343405723572
0.531235933303833
0.5312234163284302
0.531240701675415
0.5312484502792358
0.531304657459259
0.531211256980896
0.5311610698699951
0.5311647057533264
0.5311746597290039
0.531145453453064
0.5311776399612427
0.5314007997512817
0.532102108001709
0.5322155356407166
0.5321953892707825
0.5317583680152893
0.5314056873321533
0.5312817096710205
0.5311671495437622
0.5311615467071533
0.5311984419822693
0.531175434589386
0.5311161875724792
0.5311855673789978
0.5311130285263062
0.531101644039154
0.5311400890350342
0.5311554074287415
0.5311014652252197
0.531224250793457
0.5312397480010986
0.5312682390213013
0.5313069224357605
0.5314145088195801
0.5312130451202393
0.5312405824661255
0.5311802625656128
0.5311069488525391
0.531080961227417
0.531161904335022
0.5321065187454224
0.5335295796394348
0.5319621562957764
0.531447172164917
0.5312023162841797
0.5311304926872253
0.5311291217803955
0.5310647487640381
0.5310313701629639
0.5310361385345459
0.5310637950897217
0.5310878157615662
0.5311428904533386
0.5311459898948669
0.5311979651451111
0.5310580730438232
0.5310142040252686
0.5310204029083252
0.5309855341911316
0.531095027923584
0.5311102271080017
0.5310602784156799
0.5310172438621521
0.5309988856315613
0.5310037136077881
0.5310389995574951
0.5312674045562744
0.5311601758003235
0.5310277938842773
0.5309670567512512
0.5309752821922302
0.5309830904006958
0.5309481024742126
0.5309560298919678
0.5310337543487549
0.5311965942382812
0.5314149260520935
0.5312095880508423
0.531132698059082
0.5310485363006592
0.5310689210891724
0.5310070514678955
0.5311081409454346
0.5311393737792969
0.5311110019683838
0.5312783718109131
0.5312201976776123
0.5310953855514526
0.5310460329055786
0.5309516191482544
0.530954122543335
0.5310140252113342
0.5310832262039185
0.5309759974479675
0.5309469699859619
0.5309064388275146
0.5309414863586426
0.5309306383132935
0.5309250354766846
0.5309284329414368
0.5311766862869263
0.5322953462600708
0.5323531627655029
0.5317603349685669
0.5313974618911743
0.5310617089271545
0.5310208797454834
0.5309461951255798
0.5309280157089233
0.5309773683547974
0.5309253931045532
0.5309480428695679
0.5309005975723267
0.5309396982192993
0.5308722257614136
0.5308762788772583
0.5308660864830017
0.5308416485786438
0.5309040546417236
0.5308735370635986
0.5308636426925659
0.5309350490570068
0.5309531092643738
0.5308986902236938
0.5309018492698669
0.530931830406189
0.5308762192726135
0.530849039554596
0.5309907793998718
0.5310755968093872
0.530972421169281
0.5310807824134827
0.5309408903121948
0.5309062600135803
0.5308801531791687
0.5309101939201355
0.5309706330299377
0.5308632850646973
0.5308079719543457
0.5310035347938538
0.5310097932815552
0.5311582088470459
0.531272828578949
0.5312533974647522
0.5309779644012451
0.5308864712715149
0.5308367609977722
0.5307847261428833
0.530796229839325
0.5308959484100342
0.5308972001075745
0.5308326482772827
0.5307682752609253
0.5308668613433838
0.5308523774147034
0.5308365821838379
0.5307837128639221
0.5307551622390747
0.5307917594909668
0.5309033989906311
0.5308687090873718
0.5311484336853027
0.5310024619102478
0.5308839678764343
0.5309513211250305
0.531019926071167
0.5309001207351685
0.5308211445808411
0.5308787822723389
0.5308853983879089
0.5307784676551819
0.5307815670967102
0.5307393074035645
0.5307561159133911
0.5307528376579285
0.5307562947273254
0.5307204127311707
0.5307829976081848
0.5307446122169495
0.5307275056838989
0.530811607837677
0.5307445526123047
0.5307658910751343
0.5307354927062988
0.5307413935661316
0.5307384133338928
0.5307490825653076
0.5308041572570801
0.5309777855873108
0.5310599207878113
0.5307907462120056
0.5307464003562927
0.5307067036628723
0.530760645866394
0.5308186411857605
0.5307815074920654
0.5307896137237549
0.5307187438011169
0.5308849811553955
0.5308324098587036
0.5307822823524475
0.5307782888412476
0.5308653712272644
0.5306942462921143
0.5307309627532959
0.5306906700134277
0.530750572681427
0.5307048559188843
0.5307409763336182
0.5308045148849487
0.5309280753135681
0.5308475494384766
0.5309459567070007
0.5310072898864746
0.5309500098228455
0.5309478044509888
0.5307714343070984
0.5307148098945618
0.5307320356369019
0.5307236909866333
0.5307702422142029
0.5306817293167114
0.5306828022003174
0.5311192870140076
0.5309079885482788
0.5308401584625244
0.5308113098144531
0.5307959914207458
0.5307402610778809
0.5309031009674072
0.5307915210723877
0.5307881236076355
0.5307565927505493
0.5307167768478394
0.5307148694992065
0.530720055103302
0.5306673645973206
0.5306140780448914
0.5306374430656433
0.5307109355926514
0.5306540727615356
0.5306704044342041
0.5306730270385742
0.5306547284126282
0.5306797623634338
0.5307977199554443
0.5307537913322449
0.5307421088218689
0.5307397842407227
0.5307625532150269
0.5306556820869446
0.5306128859519958
0.53075110912323
0.5308172702789307
0.5307860374450684
0.5308236479759216
0.5309712886810303
0.530775785446167
0.5310350060462952
0.5308679938316345
0.5307417511940002
0.5308203101158142
0.5307285785675049
0.530657172203064
0.5306599736213684
0.5305913686752319
0.5306513905525208
0.5309675931930542
0.5310039520263672
0.5306923389434814
0.5306999683380127
0.5306333899497986
0.5305773615837097
0.5305792689323425
0.5306008458137512
0.5306994915008545
0.5306189656257629
0.5305862426757812
0.5306199193000793
0.5306236743927002
0.5305914878845215
0.5306098461151123
0.530619740486145
0.5306568145751953
0.5305753946304321
0.5305792093276978
0.5305306911468506
0.5305160284042358
0.5306008458137512
0.5306766033172607
0.5305877327919006
